   1.4386146995419669E-002   0.0000000000000000     
   7.5803612023357128E-002   0.0000000000000000     
  0.18631410205718718        0.0000000000000000     
  0.34596918099142909        0.0000000000000000     
  0.55481093758091549        0.0000000000000000     
  0.81289128411566880        0.0000000000000000     
   1.1202738350075401        0.0000000000000000     
   1.4770343299238271        0.0000000000000000     
   1.8832608263423947        0.0000000000000000     
   2.3390538496460342        0.0000000000000000     
   2.8445265427553590        0.0000000000000000     
   3.3998048274457120        0.0000000000000000     
   4.0050275817586520        0.0000000000000000     
   4.6603468355689088        0.0000000000000000     
   5.3659279855851167        0.0000000000000000     
   6.1219500308040198        0.0000000000000000     
   6.9286058293761732        0.0000000000000000     
   7.7861023778625178        0.0000000000000000     
   8.6946611139221677        0.0000000000000000     
   9.6545182435550814        0.0000000000000000     
   10.665925094121675        0.0000000000000000     
   11.729148494472225        0.0000000000000000     
   12.844471183641030        0.0000000000000000     
   14.012192249694275        0.0000000000000000     
   15.232627600466698        0.0000000000000000     
   16.506110468081989        0.0000000000000000     
   17.832991949326388        0.0000000000000000     
   19.213641584136067        0.0000000000000000     
   20.648447974668350        0.0000000000000000     
   22.137819447656703        0.0000000000000000     
   23.682184763002375        0.0000000000000000     
   25.281993871834043        0.0000000000000000     
   26.937718727574264        0.0000000000000000     
   28.649854153891294        0.0000000000000000     
   30.418918773790942        0.0000000000000000     
   32.245456004520669        0.0000000000000000     
   34.130035123421514        0.0000000000000000     
   36.073252410379972        0.0000000000000000     
   38.075732373107094        0.0000000000000000     
   40.138129062115546        0.0000000000000000     
   42.261127482984797        0.0000000000000000     
   44.445445114311809        0.0000000000000000     
   46.691833540651537        0.0000000000000000     
   49.001080210772436        0.0000000000000000     
   51.374010332703996        0.0000000000000000     
   53.811488918355657        0.0000000000000000     
   56.314422991961706        0.0000000000000000     
   58.883763978282090        0.0000000000000000     
   61.520510288396146        0.0000000000000000     
   64.225710123101564        0.0000000000000000     
   67.000464516419314        0.0000000000000000     
   69.845930644558379        0.0000000000000000     
   72.763325428974582        0.0000000000000000     
   75.753929465939933        0.0000000000000000     
   78.819091319411470        0.0000000000000000     
   81.960232219060117        0.0000000000000000     
   85.178851211218898        0.0000000000000000     
   88.476530817394618        0.0000000000000000     
   91.854943263049307        0.0000000000000000     
   95.315857348831727        0.0000000000000000     
   98.861146047613531        0.0000000000000000     
